format gsingh
0 1 2 12
1 0 2 3 10 11 12 13
2 0 1 3 4 10 11 12 13 272
3 1 2 4 5 8 9 10 11
4 2 3 5 6 7 8 9 10 197 272
5 3 4 6 7 170 171 195 196 197
6 4 5 7 8 170 195 196
7 4 5 6 8 9 149 170
8 3 4 6 7 9 10
9 3 4 7 8 10 11
10 1 2 3 4 8 9 11
11 1 2 3 9 10 12 13 48 49
12 0 1 2 11 13 14 15 47 48
13 1 2 11 12 14 15 272 273 274 291
14 12 13 15 16 47 273 274 275 288 291
15 12 13 14 16 17 47 48 49 50 273 274 275 276
16 14 15 17 18 49 50 51 275 276 277
17 15 16 18 19 50 51 52 275 276 277 278
18 16 17 19 20 21 50 51 52 61 277
19 17 18 20 21 23 52 56
20 18 19 21 22 23 27 35 278 279
21 18 19 20 22 23 32 35 36 61
22 20 21 23 24 30 32 35 57 60 61 64
23 19 20 21 22 24 25 26 27 56 57 60 61
24 22 23 25 26 27 28 30 57
25 23 24 26 27 57
26 23 24 25 27 28
27 20 23 24 25 26 28 29 30
28 24 26 27 29 30
29 27 28 30 31
30 22 24 27 28 29 31 32
31 29 30 32 33 34 35
32 21 22 30 31 33 34 35 36
33 31 32 34 35 36 37
34 31 32 33 35 36 37 38 280
35 20 21 22 31 32 33 34 36 37 38 39 279 280
36 21 32 33 34 35 37 38 39 40 64 65 68
37 33 34 35 36 38 39 40 41 281
38 34 35 36 37 39 40 41 42 280 281
39 35 36 37 38 40 41 42 43 65
40 36 37 38 39 41 42 43 44 68
41 37 38 39 40 42 43 44 45 281
42 38 39 40 41 43 44 45 46 47 284
43 39 40 41 42 44 45 46 47 48
44 40 41 42 43 45 46
45 41 42 43 44 46 47
46 42 43 44 45 47 48
47 12 14 15 42 43 45 46 48 49
48 11 12 15 43 46 47 49 50 77 78
49 11 15 16 47 48 50 51 77 78 79 80
50 15 16 17 18 48 49 51 52 78 79 80
51 16 17 18 49 50 52 79 80 81
52 17 18 19 50 51 53 56 61 62 80 81 82
53 52 54 55 56 62 81 82 83
54 53 55 56 58 59 82 83
55 53 54 56 57 58 59 85
56 19 23 52 53 54 55 57 58 59 60 61
57 22 23 24 25 55 56 58 59 60 61
58 54 55 56 57 59 60
59 54 55 56 57 58 60 61 62 63 111
60 22 23 56 57 58 59 61 62 63 64
61 18 21 22 23 52 56 57 59 60 62 63 64 65
62 52 53 59 60 61 63 64 65 66 111 112
63 59 60 61 62 64 65 66 67 111 112
64 22 36 60 61 62 63 65 66 67 68
65 36 39 61 62 63 64 66 67 68 69 112
66 62 63 64 65 67 68 69 70 111 112 113
67 63 64 65 66 68 69 70
68 36 40 64 65 66 67 69 70 71
69 65 66 67 68 70 71 72 74
70 66 67 68 69 71 72
71 68 69 70 72
72 69 70 71 73 74
73 72 74 75 76
74 69 72 73 75 76 77
75 73 74 76 77
76 73 74 75 77 78
77 48 49 74 75 76 78 79
78 48 49 50 76 77 79 80 118
79 49 50 51 77 78 80 81 117 118 119
80 49 50 51 52 78 79 81 117 118 119 120
81 51 52 53 79 80 82 119 120 121
82 52 53 54 81 83 120 121 122 123
83 53 54 82 84 85 104 121 122 123
84 83 85 86 94 95 96 122 123 124
85 55 83 84 86 87 92 93 94 95
86 84 85 87 88 92 93 94 95
87 85 86 88 89 91 92 93
88 86 87 89 90 91 92 93
89 87 88 90 91
90 88 89 91
91 87 88 89 90 92
92 85 86 87 88 91 93 94
93 85 86 87 88 92 94 95
94 84 85 86 92 93 95 96 124 125 126
95 84 85 86 93 94 96 97 100 126
96 84 94 95 97 98 100 101 125 126 129 134
97 95 96 98 99 100 101 129 134
98 96 97 99 100 101 102 134 137
99 97 98 100 101 102 103
100 95 96 97 98 99 101 102 103 104
101 96 97 98 99 100 102 103 104 105 137 138
102 98 99 100 101 103 104 105 106 137 138 141
103 99 100 101 102 104 105 106 107
104 83 100 101 102 103 105 106 107 108
105 101 102 103 104 106 107 108 109
106 102 103 104 105 107 108 109 110
107 103 104 105 106 108 109 110 111
108 104 105 106 107 109 110 111 112
109 105 106 107 108 110 111 112 113 114 115 116
110 106 107 108 109 111 112 113 114
111 59 62 63 66 107 108 109 110 112 113
112 62 63 65 66 108 109 110 111 113 114
113 66 109 110 111 112 114
114 109 110 112 113 115 116
115 109 114 116 146
116 109 114 115 117 118 145 146 147
117 79 80 116 118 119 120 146 147 148
118 78 79 80 116 117 119 120 147 148 149
119 79 80 81 117 118 120 121 147 148 149 150 151
120 80 81 82 117 118 119 121 147 149 150 151
121 81 82 83 119 120 122 123 150 151 152 153
122 82 83 84 121 123 124 125 151 152 153
123 82 83 84 121 122 124 152 153 154
124 84 94 122 123 125 126 153 154 155
125 94 96 122 124 126 127 154 155
126 94 95 96 124 125 127 128 129
127 125 126 128 129
128 126 127 129 130
129 96 97 126 127 128 130 131 134
130 128 129 131 132 133 134
131 129 130 132 133 134 135 159 162 163
132 130 131 133 134 135 136 162 163 164 165
133 130 131 132 134 135 136 137
134 96 97 98 129 130 131 132 133 135 136 137 138
135 131 132 133 134 136 137 138 139 163
136 132 133 134 135 137 138 139 140
137 98 101 102 133 134 135 136 138 139 140
138 101 102 134 135 136 137 139 140 141 142
139 135 136 137 138 140 141 142 143
140 136 137 138 139 141 142 143 144
141 102 138 139 140 142 143 144 145 146 147
142 138 139 140 141 143 144 145 146 147 148 149
143 139 140 141 142 144 145
144 140 141 142 143 145 146
145 116 141 142 143 144 146 147 148
146 115 116 117 141 142 144 145 147 148
147 116 117 118 119 120 141 142 145 146 148 149
148 117 118 119 142 145 146 147 149
149 7 118 119 120 142 147 148 150 151 170
150 119 120 121 149 151 168 169 170 171
151 119 120 121 122 149 150 152 153 169 170 171 172
152 121 122 123 151 153 154 155 171 172 173
153 121 122 123 124 151 152 154 155 172 173 174
154 123 124 125 152 153 155 156 173 174
155 124 125 152 153 154 156 157 159 160
156 154 155 157 158 159 160
157 155 156 158 159 160 161 186 187
158 156 157 159 160 161 162
159 131 155 156 157 158 160 161 162 163
160 155 156 157 158 159 161 162 163 164
161 157 158 159 160 162 163 164 165
162 131 132 158 159 160 161 163 164 165
163 131 132 135 159 160 161 162 164 165 169
164 132 160 161 162 163 165 166 167 168 169
165 132 161 162 163 164 166 167
166 164 165 167 168
167 164 165 166 168 169
168 150 164 166 167 169 170
169 150 151 163 164 167 168 170 171 196
170 5 6 7 149 150 151 168 169 171 196 197
171 5 150 151 152 169 170 172 173 196 197 198
172 151 152 153 171 173 174 196 197 198 199
173 152 153 154 171 172 174 198 199 200
174 153 154 172 173 175 176 199 200 201
175 174 176 200 201 202
176 174 175 177 180 181 183 200 201 202 203
177 176 178 179 180 181 202 203 204
178 177 179 180 181 307
179 177 178 180 181 307
180 176 177 178 179 181 182
181 176 177 178 179 180 182 183 184
182 180 181 183 184 185 186
183 176 181 182 184 185 186 187 188
184 181 182 183 185 186 187 188
185 182 183 184 186 187 188 189
186 157 182 183 184 185 187 188
187 157 183 184 185 186 188 189 190 191
188 183 184 185 186 187 189 190 191 192 270
189 185 187 188 190 191 192 193
190 187 188 189 191 192 193 194
191 187 188 189 190 192 193 194 195 196 197
192 188 189 190 191 193 194 195 196 270
193 189 190 191 192 194 195
194 190 191 192 193 195 196
195 5 6 191 192 193 194 196 197
196 5 6 169 170 171 172 191 192 194 195 197 198
197 4 5 170 171 172 191 195 196 198 199 270 271 272
198 171 172 173 196 197 199 200 270 271
199 172 173 174 197 198 200 201 271 273 274
200 173 174 175 176 198 199 201 202 203 274
201 174 175 176 199 200 202 203 275
202 175 176 177 200 201 203 204 205
203 176 177 200 201 202 204 205
204 177 202 203 205 206 207 208 209 210
205 202 203 204 206 207 208 209
206 204 205 207 208
207 204 205 206 208 209 210 211 212
208 204 205 206 207 209 210 211 212 213 240
209 204 205 207 208 210 211 243 258
210 204 207 208 209 211 212 257 258
211 207 208 209 210 212 213 257
212 207 208 210 211 213
213 208 211 212 214 215 217
214 213 215 216 217 240
215 213 214 216 217 237 240
216 214 215 217 218
217 213 214 215 216 218 219
218 216 217 219 220
219 217 218 220 221 223 226
220 218 219 221 222 223
221 219 220 222 223
222 220 221 223 224
223 219 220 221 222 224 225 226
224 222 223 225 226 227 228
225 223 224 226 227 228 231
226 219 223 224 225 227 228 231 232
227 224 225 226 228 229 231 232
228 224 225 226 227 229 230 231 232
229 227 228 230 231 232
230 228 229 231 232 235 236
231 225 226 227 228 229 230 232 233 235 236
232 226 227 228 229 230 231 233 234 235 236
233 231 232 234 235 236
234 232 233 235 236 237 238
235 230 231 232 233 234 236 237 238 239
236 230 231 232 233 234 235 237 238 239 240
237 215 234 235 236 238 239 240 241
238 234 235 236 237 239 240 241 242
239 235 236 237 238 240 241 242 243
240 208 214 215 236 237 238 239 241 242 243 244
241 237 238 239 240 242 243 244 245
242 238 239 240 241 243 244 245
243 209 239 240 241 242 244 245 246
244 240 241 242 243 245 246 247
245 241 242 243 244 246 247
246 243 244 245 247 248 249 250 257
247 244 245 246 248 249 250 251 257
248 246 247 249 250 251 252
249 246 247 248 250 251 252 253
250 246 247 248 249 251 252 253 254 255 256 257 260
251 247 248 249 250 252 253 254 255
252 248 249 250 251 253 254
253 249 250 251 252 254 255
254 250 251 252 253 255
255 250 251 253 254 256 257 259
256 250 255 257 258 259 260
257 210 211 246 247 250 255 256 258 259 260 261
258 209 210 256 257 259 260 261 262
259 255 256 257 258 260 261 262 263 290
260 250 256 257 258 259 261 262 263 264
261 257 258 259 260 262 263 264 265
262 258 259 260 261 263 264 265 266 290
263 259 260 261 262 264 265 266 267 290 293
264 260 261 262 263 265 266 267 268 300
265 261 262 263 264 266 267 268 271
266 262 263 264 265 267 268 271 272 273
267 263 264 265 266 268 269
268 264 265 266 267 269 270 271
269 267 268 270 271
270 188 192 197 198 268 269 271 272
271 197 198 199 265 266 268 269 270 272 273
272 2 4 13 197 266 270 271 273
273 13 14 15 199 266 271 272 274 275
274 13 14 15 199 200 273 275 276
275 14 15 16 17 201 273 274 276 277
276 15 16 17 274 275 277 278 287
277 16 17 18 275 276 278
278 17 20 276 277 279 280 283 284
279 20 35 278 280
280 34 35 38 278 279 281 282 283 284
281 37 38 41 280 282 283 284 285
282 280 281 283 284 285 286
283 278 280 281 282 284 285 286 287
284 42 278 280 281 282 283 285 286 287 288
285 281 282 283 284 286 287 288
286 282 283 284 285 287 288 289
287 276 283 284 285 286 288 289 290
288 14 284 285 286 287 289 290 291
289 286 287 288 290 291 292
290 259 262 263 287 288 289 291 292 293
291 13 14 288 289 290 292 293
292 289 290 291 293 294
293 263 290 291 292 294 295
294 292 293 295 296
295 293 294 296 297 299 300
296 294 295 297 298 299 300
297 295 296 298 299 300 301
298 296 297 299 300 301 302
299 295 296 297 298 300 301 302 303
300 264 295 296 297 298 299 301 302 303 304
301 297 298 299 300 302 303 304 305
302 298 299 300 301 303 304 305 306
303 299 300 301 302 304 305 306 307
304 300 301 302 303 305 306 307 308
305 301 302 303 304 306 307 308
306 302 303 304 305 307 308
307 178 179 303 304 305 306 308 309
308 304 305 306 307 309 310
309 307 308 310
310 308 309
